0000000000000000
0000000000000000
0000000000000000
0000000000000000
0000000000000000
0000000000000000
0000000000000000
0000000000000000
0000000000000000
0000000000000000
0000000000000000
0000000000000000
0000000000000000
0000000000000000
0000000000000000
0000000000000000
0000000000000000
0000000000000000
0000000000000000
0000000000000000
1001110000010000
0000000000010000
1000001100001000
0000000000010001
1000101010001000
0000000000000000
0100000000000000
1000110000010000
0000000000010010
1000001100001000
0000000000000000
0000000000000000
0000000000010001
1001110000010000
0000000000010000
1001010011010000
0000000000110111
1000001100000001
0000000000000000
0000000000010010
1001110000100000
1000111010001000
0000000000000000
0000000000010001
1001110111001000
0000000000000000
0000000000100000
1000110000010000
0000000000010010
1001000010001000
0000000000000000
0000000000100000
1000101010000111
0000000000000000
0000000000110111
1000101010000111
