0100000000000000
1000110000010000
0000000000010001
1000001100001000
0010000000000000
1000110000010000
0000000000010000
1000001100001000
0110000000000000
1001110000010000
0000000000100000
1000001100000001
0000000000001110
1000101010000111
0000000000000000
0000000000010000
1001110000010000
0000000000010001
1001110000010000
1000001100100000
1000101010001000
1000011111010000
1000001100100000
0000000000010001
1000001100001000
0000000000010000
1001110000010000
1000001110010000
1000001100001000
0000000000000000
1000001100000010
0000000000010000
1000101010000111
0000000000000000
0000000000010000
1001110000010000
0000000000010001
1001110000010000
1000001100100000
1000111010001000
1000011111010000
1000001100100000
0000000000010001
1000001100001000
0000000000010000
1001110000010000
1000001110010000
1000001100001000
0000000000000000
1000001100000010
0000000000100000
1000101010000111
