0000000000000000
0000000000000000
0000000000000000
0000000000000000
0000000000000000
1001110000010000
0000000000010000
1000111111001000
1001110000010000
0000000000010001
1000101010001000
0000000000000000
0000000000000000
0000000000000000
1001110000010000
0000000000010000
1001000111010000
0000000000011101
1000001100000001
0000000000010000
1001110000010000
0000000000010001
1001000010001000
0000000000010000
1000011111001000
0000000000001101
1000101010000111
0000000000000000
0000000000000000
0000000000010001
1001110000010000
0000000000000001
1000001100001000
0000000000010000
1000101010001000
0000000000010001
1000101010001000
0000000000100110
1000101010000111
